100 
Samples: 
28.84 
28.84 
28.84 
28.84 
28.84 
28.84 
28.84 
28.35 
28.84 
28.84 
28.84 
28.84 
28.84 
28.84 
28.35 
28.84 
28.84 
28.84 
28.84 
28.84 
28.35 
28.84 
28.84 
28.84 
28.35 
28.84 
28.84 
28.84 
28.84 
28.84 
28.35 
28.35 
28.84 
28.84 
28.84 
28.84 
28.84 
28.84 
28.84 
28.84 
28.84 
28.84 
28.35 
28.84 
28.35 
28.84 
28.84 
28.35 
28.84 
28.84 
28.84 
28.84 
28.84 
28.84 
28.35 
28.84 
28.35 
28.84 
28.35 
28.84 
28.84 
28.84 
28.84 
28.84 
28.84 
28.84 
28.84 
28.35 
28.84 
28.35 
28.35 
28.84 
28.84 
28.84 
28.35 
28.84 
28.35 
28.84 
28.84 
28.84 
28.84 
28.35 
28.84 
28.84 
28.35 
28.35 
28.84 
28.84 
28.84 
28.84 
28.84 
28.84 
28.84 
28.84 
28.84 
28.84 
28.84 
28.35 
28.84 
28.84 
Pivot: 
0.00 
28.84 
28.84 
28.84 
28.84 
28.84 
28.84 
28.84 
28.35 
28.84 
28.84 
28.84 
28.84 
28.84 
28.84 
28.35 
28.84 
28.84 
28.84 
28.84 
28.84 
28.35 
28.84 
28.84 
28.84 
28.35 
28.84 
28.84 
28.84 
28.84 
28.84 
28.35 
28.35 
28.84 
28.84 
28.84 
28.84 
28.84 
28.84 
28.84 
28.84 
28.84 
28.84 
28.35 
28.84 
28.35 
28.84 
28.84 
28.35 
28.84 
28.84 
28.84 
28.84 
28.84 
28.84 
28.35 
28.84 
28.35 
28.84 
28.35 
28.84 
28.84 
28.84 
28.84 
28.84 
28.84 
28.84 
28.84 
28.35 
28.84 
28.35 
28.35 
28.84 
28.84 
28.84 
28.35 
28.84 
28.35 
28.84 
28.84 
28.84 
28.84 
28.35 
28.84 
28.84 
28.35 
28.35 
28.84 
28.84 
28.84 
28.84 
28.84 
28.84 
28.84 
28.84 
28.84 
28.84 
28.84 
28.35 
28.84 
28.84 
Output: 
23.07 
28.84 
28.84 
28.84 
28.74 
28.74 
28.74 
28.74 
28.74 
28.84 
28.84 
28.74 
28.74 
28.74 
28.74 
28.74 
28.84 
28.74 
28.74 
28.74 
28.74 
28.64 
28.74 
28.74 
28.74 
28.74 
28.84 
28.74 
28.64 
28.64 
28.64 
28.64 
28.74 
28.84 
28.84 
28.84 
28.84 
28.84 
28.84 
28.74 
28.74 
28.64 
28.64 
28.64 
28.64 
28.64 
28.74 
28.74 
28.74 
28.84 
28.84 
28.74 
28.74 
28.64 
28.64 
28.54 
28.64 
28.64 
28.74 
28.74 
28.84 
28.84 
28.84 
28.84 
28.74 
28.74 
28.64 
28.54 
28.54 
28.64 
28.64 
28.64 
28.74 
28.64 
28.64 
28.64 
28.74 
28.74 
28.74 
28.74 
28.74 
28.64 
28.54 
28.64 
28.64 
28.64 
28.74 
28.84 
28.84 
28.84 
28.84 
28.84 
28.84 
28.84 
28.74 
28.74 
End 
