100 
Samples: 
25.90 
25.90 
26.39 
25.90 
25.90 
25.90 
25.90 
25.90 
25.90 
26.39 
25.90 
26.39 
25.90 
25.90 
25.90 
25.90 
25.90 
25.90 
26.39 
25.90 
25.90 
26.39 
25.90 
25.90 
25.90 
25.90 
25.90 
25.90 
25.90 
25.90 
25.90 
25.90 
25.90 
25.90 
25.90 
25.90 
25.90 
25.90 
26.39 
25.90 
25.90 
25.90 
25.90 
25.90 
25.90 
25.90 
25.90 
25.90 
25.90 
25.90 
25.90 
25.90 
25.90 
25.90 
25.90 
25.90 
25.90 
25.90 
25.90 
25.90 
25.90 
25.90 
25.90 
25.90 
25.90 
25.90 
25.90 
25.90 
25.90 
25.90 
25.90 
25.90 
25.90 
25.90 
25.90 
25.90 
25.90 
25.90 
25.90 
25.90 
25.90 
25.90 
25.90 
25.90 
25.90 
25.90 
25.90 
25.90 
26.39 
25.90 
25.90 
25.90 
25.90 
25.90 
25.90 
25.90 
25.90 
25.90 
25.90 
25.90 
Pivot: 
0.00 
25.90 
25.90 
26.39 
25.90 
25.90 
25.90 
25.90 
25.90 
25.90 
26.39 
25.90 
26.39 
25.90 
25.90 
25.90 
25.90 
25.90 
25.90 
26.39 
25.90 
25.90 
26.39 
25.90 
25.90 
25.90 
25.90 
25.90 
25.90 
25.90 
25.90 
25.90 
25.90 
25.90 
25.90 
25.90 
25.90 
25.90 
25.90 
26.39 
25.90 
25.90 
25.90 
25.90 
25.90 
25.90 
25.90 
25.90 
25.90 
25.90 
25.90 
25.90 
25.90 
25.90 
25.90 
25.90 
25.90 
25.90 
25.90 
25.90 
25.90 
25.90 
25.90 
25.90 
25.90 
25.90 
25.90 
25.90 
25.90 
25.90 
25.90 
25.90 
25.90 
25.90 
25.90 
25.90 
25.90 
25.90 
25.90 
25.90 
25.90 
25.90 
25.90 
25.90 
25.90 
25.90 
25.90 
25.90 
25.90 
26.39 
25.90 
25.90 
25.90 
25.90 
25.90 
25.90 
25.90 
25.90 
25.90 
25.90 
25.90 
Output: 
20.82 
26.00 
26.00 
26.00 
25.90 
25.90 
26.00 
26.00 
26.10 
26.10 
26.10 
26.00 
26.00 
25.90 
25.90 
26.00 
26.00 
26.00 
26.10 
26.10 
26.00 
26.00 
26.00 
25.90 
25.90 
25.90 
25.90 
25.90 
25.90 
25.90 
25.90 
25.90 
25.90 
25.90 
25.90 
26.00 
26.00 
26.00 
26.00 
26.00 
25.90 
25.90 
25.90 
25.90 
25.90 
25.90 
25.90 
25.90 
25.90 
25.90 
25.90 
25.90 
25.90 
25.90 
25.90 
25.90 
25.90 
25.90 
25.90 
25.90 
25.90 
25.90 
25.90 
25.90 
25.90 
25.90 
25.90 
25.90 
25.90 
25.90 
25.90 
25.90 
25.90 
25.90 
25.90 
25.90 
25.90 
25.90 
25.90 
25.90 
25.90 
25.90 
25.90 
25.90 
25.90 
26.00 
26.00 
26.00 
26.00 
26.00 
25.90 
25.90 
25.90 
25.90 
25.90 
25.90 
End 
